4695
4379
7731
1439
2867
5085
3913
8104
8737
5950
8316
5157
6766
9241
3646
9497
7430
1
6242
1683
4226
9440
518
3204
2052
6272
6180
895
6002
5692
8277
2192
4946
4802
3162
8958
6063
7518
6532
7785
8604
790
670
9470
9212
3200
1587
2577
6027
6040
7738
9046
7968
7177
1205
7685
9077
5742
970
7431
192
4469
1836
4014
1597
4164
4308
1623
9060
1507
8755
3220
4098
9180
9301
5416
4343
1170
5695
8060
5612
6277
3850
6758
2050
5105
8457
8326
8887
9094
3361
922
2900
3045
4730
911
1087
5716
7477
3656
1639
6205
8655
292
901
9912
2190
3579
5391
2754
3700
543
8198
614
1381
1668
3340
599
9018
5459
5968
9620
7386
7793
6622
2210
5354
7411
4791
8941
960
8882
6011
3732
4574
2832
7716
5413
1679
1090
4732
8114
2884
5121
769
7069
9529
1467
9517
4297
3193
7709
609
7961
4907
5992
1019
7495
7546
9543
6328
6805
9468
1223
2498
9749
9359
3240
4676
9255
754
4013
5889
3999
7145
427
4150
3093
4543
5288
9542
910
9406
1714
1825
501
3902
4588
7798
8447
5173
1748
4994
8928
8679
8986
446
5919
3615
1691
6413
8587
8013
543
1089
3761
3493
9224
4277
91
7464
6613
5591
883
8345
7802
5523
4834
6299
3716
8703
5992
2367
7946
6567
746
6799
1009
4618
4464
3889
4183
9927
7989
2793
4352
1166
6461
5903
8529
2243
3975
7833
843
7344
7089
9718
1690
2883
3500
2560
1330
8298
5347
2850
1492
4961
6126
2973
5222
5713
5964
7581
1922
6077
5436
6465
8361
2912
223
7031
1426
6769
6711
4920
5114
667
7917
7964
5604
7740
6723
2559
5863
7939
7724
6702
7564
2693
9514
2231
3702
1922
3494
7079
6819
8475
1835
5074
9974
6593
1591
1847
5336
1778
311
6583
1352
7214
1175
7554
5598
8130
2375
803
2102
7431
7044
473
2788
8120
5530
1427
1230
7186
8033
8883
6470
2789
1773
4049
9721
6131
4892
2990
5349
4330
8398
2096
8378
4429
5471
6568
5775
1693
1741
1582
9338
988
5065
3041
8192
7092
1088
2502
8185
1267
8517
1459
5194
5546
3048
2619
7885
8101
5181
9838
978
5606
719
4603
1031
588
1432
4165
9158
6011
4826
7219
5288
7374
3679
2375
2057
9352
7606
6594
3506
7436
6945
5152
5999
7632
4946
1039
6054
2276
9598
810
2223
4292
6283
9224
4974
9905
3532
5289
9032
3363
6936
7493
9718
5176
8865
770
7722
6296
3798
8258
8923
7496
6072
3635
2723
4910
1465
8394
1780
8319
3479
8787
7921
1309
28
6424
8852
3723
1709
1529
2809
4178
6748
6213
6027
3706
7208
4567
8739
8593
6758
5257
6728
7882
3755
3062
5405
4064
4044
728
2257
7618
9892
4122
6129
9666
5509
8934
4886
4590
8506
4918
4554
8144
2196
5838
1943
3917
8617
4388
7583
4645
9069
3972
1873
324
1739
7057
1626
6747
6459
2931
4328
5966
8843
2668
2529
3591
8152
6904
3360
9597
5682
4922
3505
5251
7899
2956
1759
9216
4920
6912
4638
8335
3214
7995
8100
1277
7989
1628
4893
4952
1575
3687
4299
5171
6180
1970
1949
3911
723
5473
2888
3044
9719
5119
30
9389
403
9657
5163
7212
7973
3382
498
7692
157
972
356
9800
8843
7316
1303
1501
4650
6575
2553
7696
2473
3969
2668
2129
44
8352
5735
3410
9635
954
3919
9621
2352
9158
6279
3223
4504
6278
5249
4200
910
5453
1921
253
246
4746
6140
4646
9060
7869
5360